pt;y;cent;chi2;fitStat;doIterativeFit;modelSig_mass;mean_mass;sigma_mass;alpha0_mass;n0_mass;alpha1_mass;n1_mass;modelBkg_mass;c0_mass;c1_mass;c2_mass;c3_mass;
0-1;2.5-3.6;0-100;0-5;todo;true;extCB;[3.096,3,3.2];[0.05,0.04,0.07];[0.763];[4.963];[2.125];[0.889];ChevPol3;[-1,-2,2];[0.5,-2,2];[-0.1,-0.4,0.4];[0.5,-0.1,0.1];
1-2;2.5-3.6;0-100;0-5;todo;true;extCB;[3.096,3,3.2];[0.05,0.04,0.07];[0.763];[4.963];[2.125];[0.889];ChevPol3;[-1,-2,2];[0.5,-2,2];[-0.1,-0.4,0.4];[0.5,-0.1,0.1];
2-5;2.5-3.6;0-100;0-5;todo;true;extCB;[3.096,3,3.2];[0.05,0.04,0.07];[0.763];[4.963];[2.125];[0.889];ChevPol3;[-1,-2,2];[0.5,-2,2];[-0.1,-0.4,0.4];[0.5,-0.1,0.1];
5-15;2.5-3.6;0-100;0-5;todo;true;extCB;[3.096,3,3.2];[0.05,0.04,0.07];[0.763];[4.963];[2.125];[0.889];ChevPol3;[-1,-2,2];[0.5,-2,2];[-0.1,-0.4,0.4];[0.5,-0.1,0.1];
0-1;2.5-3.6;0-100;0-6;todo;true;extCB;[3.096,3,3.2];[0.05,0.04,0.07];[0.763];[4.963];[2.125];[0.889];ChevPol3;[-1,-2,2];[0.5,-2,2];[-0.1,-0.4,0.4];[0.5,-0.1,0.1];
1-2;2.5-3.6;0-100;0-6;todo;true;extCB;[3.096,3,3.2];[0.05,0.04,0.07];[0.763];[4.963];[2.125];[0.889];ChevPol3;[-1,-2,2];[0.5,-2,2];[-0.1,-0.4,0.4];[0.5,-0.1,0.1];
2-5;2.5-3.6;0-100;0-6;todo;true;extCB;[3.096,3,3.2];[0.05,0.04,0.07];[0.763];[4.963];[2.125];[0.889];ChevPol3;[-1,-2,2];[0.5,-2,2];[-0.1,-0.4,0.4];[0.5,-0.1,0.1];
5-15;2.5-3.6;0-100;0-6;todo;true;extCB;[3.096,3,3.2];[0.05,0.04,0.07];[0.763];[4.963];[2.125];[0.889];ChevPol3;[-1,-2,2];[0.5,-2,2];[-0.1,-0.4,0.4];[0.5,-0.1,0.1];
0-1;2.5-3.6;0-100;0-7;todo;true;extCB;[3.096,3,3.2];[0.05,0.04,0.07];[0.763];[4.963];[2.125];[0.889];ChevPol3;[-1,-2,2];[0.5,-2,2];[-0.1,-0.4,0.4];[0.5,-0.1,0.1];
1-2;2.5-3.6;0-100;0-7;todo;true;extCB;[3.096,3,3.2];[0.05,0.04,0.07];[0.763];[4.963];[2.125];[0.889];ChevPol3;[-1,-2,2];[0.5,-2,2];[-0.1,-0.4,0.4];[0.5,-0.1,0.1];
2-5;2.5-3.6;0-100;0-7;todo;true;extCB;[3.096,3,3.2];[0.05,0.04,0.07];[0.763];[4.963];[2.125];[0.889];ChevPol3;[-1,-2,2];[0.5,-2,2];[-0.1,-0.4,0.4];[0.5,-0.1,0.1];
5-15;2.5-3.6;0-100;0-7;todo;true;extCB;[3.096,3,3.2];[0.05,0.04,0.07];[0.763];[4.963];[2.125];[0.889];ChevPol3;[-1,-2,2];[0.5,-2,2];[-0.1,-0.4,0.4];[0.5,-0.1,0.1];
0-1;2.5-3.6;0-100;0-8;todo;true;extCB;[3.096,3,3.2];[0.05,0.04,0.07];[0.763];[4.963];[2.125];[0.889];ChevPol3;[-1,-2,2];[0.5,-2,2];[-0.1,-0.4,0.4];[0.5,-0.1,0.1];
1-2;2.5-3.6;0-100;0-8;todo;true;extCB;[3.096,3,3.2];[0.05,0.04,0.07];[0.763];[4.963];[2.125];[0.889];ChevPol3;[-1,-2,2];[0.5,-2,2];[-0.1,-0.4,0.4];[0.5,-0.1,0.1];
2-5;2.5-3.6;0-100;0-8;todo;true;extCB;[3.096,3,3.2];[0.05,0.04,0.07];[0.763];[4.963];[2.125];[0.889];ChevPol3;[-1,-2,2];[0.5,-2,2];[-0.1,-0.4,0.4];[0.5,-0.1,0.1];
5-15;2.5-3.6;0-100;0-8;todo;true;extCB;[3.096,3,3.2];[0.05,0.04,0.07];[0.763];[4.963];[2.125];[0.889];ChevPol3;[-1,-2,2];[0.5,-2,2];[-0.1,-0.4,0.4];[0.5,-0.1,0.1];
0-1;2.5-3.6;0-100;0-9;todo;true;extCB;[3.096,3,3.2];[0.05,0.04,0.07];[0.763];[4.963];[2.125];[0.889];ChevPol3;[-1,-2,2];[0.5,-2,2];[-0.1,-0.4,0.4];[0.5,-0.1,0.1];
1-2;2.5-3.6;0-100;0-9;todo;true;extCB;[3.096,3,3.2];[0.05,0.04,0.07];[0.763];[4.963];[2.125];[0.889];ChevPol3;[-1,-2,2];[0.5,-2,2];[-0.1,-0.4,0.4];[0.5,-0.1,0.1];
2-5;2.5-3.6;0-100;0-9;todo;true;extCB;[3.096,3,3.2];[0.05,0.04,0.07];[0.763];[4.963];[2.125];[0.889];ChevPol3;[-1,-2,2];[0.5,-2,2];[-0.1,-0.4,0.4];[0.5,-0.1,0.1];
5-15;2.5-3.6;0-100;0-9;todo;true;extCB;[3.096,3,3.2];[0.05,0.04,0.07];[0.763];[4.963];[2.125];[0.889];ChevPol3;[-1,-2,2];[0.5,-2,2];[-0.1,-0.4,0.4];[0.5,-0.1,0.1];
0-1;2.5-3.6;0-100;0-10;todo;true;extCB;[3.096,3,3.2];[0.05,0.04,0.07];[0.763];[4.963];[2.125];[0.889];ChevPol3;[-1,-2,2];[0.5,-2,2];[-0.1,-0.4,0.4];[0.5,-0.1,0.1];
1-2;2.5-3.6;0-100;0-10;todo;true;extCB;[3.096,3,3.2];[0.05,0.04,0.07];[0.763];[4.963];[2.125];[0.889];ChevPol3;[-1,-2,2];[0.5,-2,2];[-0.1,-0.4,0.4];[0.5,-0.1,0.1];
2-5;2.5-3.6;0-100;0-10;todo;true;extCB;[3.096,3,3.2];[0.05,0.04,0.07];[0.763];[4.963];[2.125];[0.889];ChevPol3;[-1,-2,2];[0.5,-2,2];[-0.1,-0.4,0.4];[0.5,-0.1,0.1];
5-15;2.5-3.6;0-100;0-10;todo;true;extCB;[3.096,3,3.2];[0.05,0.04,0.07];[0.763];[4.963];[2.125];[0.889];ChevPol3;[-1,-2,2];[0.5,-2,2];[-0.1,-0.4,0.4];[0.5,-0.1,0.1];
0-1;2.5-3.6;0-100;0-11;todo;true;extCB;[3.096,3,3.2];[0.05,0.04,0.07];[0.763];[4.963];[2.125];[0.889];ChevPol3;[-1,-2,2];[0.5,-2,2];[-0.1,-0.4,0.4];[0.5,-0.1,0.1];
1-2;2.5-3.6;0-100;0-11;todo;true;extCB;[3.096,3,3.2];[0.05,0.04,0.07];[0.763];[4.963];[2.125];[0.889];ChevPol3;[-1,-2,2];[0.5,-2,2];[-0.1,-0.4,0.4];[0.5,-0.1,0.1];
2-5;2.5-3.6;0-100;0-11;todo;true;extCB;[3.096,3,3.2];[0.05,0.04,0.07];[0.763];[4.963];[2.125];[0.889];ChevPol3;[-1,-2,2];[0.5,-2,2];[-0.1,-0.4,0.4];[0.5,-0.1,0.1];
5-15;2.5-3.6;0-100;0-11;todo;true;extCB;[3.096,3,3.2];[0.05,0.04,0.07];[0.763];[4.963];[2.125];[0.889];ChevPol3;[-1,-2,2];[0.5,-2,2];[-0.1,-0.4,0.4];[0.5,-0.1,0.1];
0-1;2.5-3.6;0-100;0-12;todo;true;extCB;[3.096,3,3.2];[0.05,0.04,0.07];[0.763];[4.963];[2.125];[0.889];ChevPol3;[-1,-2,2];[0.5,-2,2];[-0.1,-0.4,0.4];[0.5,-0.1,0.1];
1-2;2.5-3.6;0-100;0-12;todo;true;extCB;[3.096,3,3.2];[0.05,0.04,0.07];[0.763];[4.963];[2.125];[0.889];ChevPol3;[-1,-2,2];[0.5,-2,2];[-0.1,-0.4,0.4];[0.5,-0.1,0.1];
2-5;2.5-3.6;0-100;0-12;todo;true;extCB;[3.096,3,3.2];[0.05,0.04,0.07];[0.763];[4.963];[2.125];[0.889];ChevPol3;[-1,-2,2];[0.5,-2,2];[-0.1,-0.4,0.4];[0.5,-0.1,0.1];
5-15;2.5-3.6;0-100;0-12;todo;true;extCB;[3.096,3,3.2];[0.05,0.04,0.07];[0.763];[4.963];[2.125];[0.889];ChevPol3;[-1,-2,2];[0.5,-2,2];[-0.1,-0.4,0.4];[0.5,-0.1,0.1];
0-1;2.5-3.6;0-100;0-13;todo;true;extCB;[3.096,3,3.2];[0.05,0.04,0.07];[0.763];[4.963];[2.125];[0.889];ChevPol3;[-1,-2,2];[0.5,-2,2];[-0.1,-0.4,0.4];[0.5,-0.1,0.1];
1-2;2.5-3.6;0-100;0-13;todo;true;extCB;[3.096,3,3.2];[0.05,0.04,0.07];[0.763];[4.963];[2.125];[0.889];ChevPol3;[-1,-2,2];[0.5,-2,2];[-0.1,-0.4,0.4];[0.5,-0.1,0.1];
2-5;2.5-3.6;0-100;0-13;todo;true;extCB;[3.096,3,3.2];[0.05,0.04,0.07];[0.763];[4.963];[2.125];[0.889];ChevPol3;[-1,-2,2];[0.5,-2,2];[-0.1,-0.4,0.4];[0.5,-0.1,0.1];
5-15;2.5-3.6;0-100;0-13;todo;true;extCB;[3.096,3,3.2];[0.05,0.04,0.07];[0.763];[4.963];[2.125];[0.889];ChevPol3;[-1,-2,2];[0.5,-2,2];[-0.1,-0.4,0.4];[0.5,-0.1,0.1];
0-1;2.5-3.6;0-100;0-14;todo;true;extCB;[3.096,3,3.2];[0.05,0.04,0.07];[0.763];[4.963];[2.125];[0.889];ChevPol3;[-1,-2,2];[0.5,-2,2];[-0.1,-0.4,0.4];[0.5,-0.1,0.1];
1-2;2.5-3.6;0-100;0-14;todo;true;extCB;[3.096,3,3.2];[0.05,0.04,0.07];[0.763];[4.963];[2.125];[0.889];ChevPol3;[-1,-2,2];[0.5,-2,2];[-0.1,-0.4,0.4];[0.5,-0.1,0.1];
2-5;2.5-3.6;0-100;0-14;todo;true;extCB;[3.096,3,3.2];[0.05,0.04,0.07];[0.763];[4.963];[2.125];[0.889];ChevPol3;[-1,-2,2];[0.5,-2,2];[-0.1,-0.4,0.4];[0.5,-0.1,0.1];
5-15;2.5-3.6;0-100;0-14;todo;true;extCB;[3.096,3,3.2];[0.05,0.04,0.07];[0.763];[4.963];[2.125];[0.889];ChevPol3;[-1,-2,2];[0.5,-2,2];[-0.1,-0.4,0.4];[0.5,-0.1,0.1];
0-1;2.5-3.6;0-100;0-15;todo;true;extCB;[3.096,3,3.2];[0.05,0.04,0.07];[0.763];[4.963];[2.125];[0.889];ChevPol3;[-1,-2,2];[0.5,-2,2];[-0.1,-0.4,0.4];[0.5,-0.1,0.1];
1-2;2.5-3.6;0-100;0-15;todo;true;extCB;[3.096,3,3.2];[0.05,0.04,0.07];[0.763];[4.963];[2.125];[0.889];ChevPol3;[-1,-2,2];[0.5,-2,2];[-0.1,-0.4,0.4];[0.5,-0.1,0.1];
2-5;2.5-3.6;0-100;0-15;todo;true;extCB;[3.096,3,3.2];[0.05,0.04,0.07];[0.763];[4.963];[2.125];[0.889];ChevPol3;[-1,-2,2];[0.5,-2,2];[-0.1,-0.4,0.4];[0.5,-0.1,0.1];
5-15;2.5-3.6;0-100;0-15;todo;true;extCB;[3.096,3,3.2];[0.05,0.04,0.07];[0.763];[4.963];[2.125];[0.889];ChevPol3;[-1,-2,2];[0.5,-2,2];[-0.1,-0.4,0.4];[0.5,-0.1,0.1];
0-1;2.5-3.6;0-100;0-16;todo;true;extCB;[3.096,3,3.2];[0.05,0.04,0.07];[0.763];[4.963];[2.125];[0.889];ChevPol3;[-1,-2,2];[0.5,-2,2];[-0.1,-0.4,0.4];[0.5,-0.1,0.1];
1-2;2.5-3.6;0-100;0-16;todo;true;extCB;[3.096,3,3.2];[0.05,0.04,0.07];[0.763];[4.963];[2.125];[0.889];ChevPol3;[-1,-2,2];[0.5,-2,2];[-0.1,-0.4,0.4];[0.5,-0.1,0.1];
2-5;2.5-3.6;0-100;0-16;todo;true;extCB;[3.096,3,3.2];[0.05,0.04,0.07];[0.763];[4.963];[2.125];[0.889];ChevPol3;[-1,-2,2];[0.5,-2,2];[-0.1,-0.4,0.4];[0.5,-0.1,0.1];
5-15;2.5-3.6;0-100;0-16;todo;true;extCB;[3.096,3,3.2];[0.05,0.04,0.07];[0.763];[4.963];[2.125];[0.889];ChevPol3;[-1,-2,2];[0.5,-2,2];[-0.1,-0.4,0.4];[0.5,-0.1,0.1];
0-1;2.5-3.6;0-100;0-17;todo;true;extCB;[3.096,3,3.2];[0.05,0.04,0.07];[0.763];[4.963];[2.125];[0.889];ChevPol3;[-1,-2,2];[0.5,-2,2];[-0.1,-0.4,0.4];[0.5,-0.1,0.1];
1-2;2.5-3.6;0-100;0-17;todo;true;extCB;[3.096,3,3.2];[0.05,0.04,0.07];[0.763];[4.963];[2.125];[0.889];ChevPol3;[-1,-2,2];[0.5,-2,2];[-0.1,-0.4,0.4];[0.5,-0.1,0.1];
2-5;2.5-3.6;0-100;0-17;todo;true;extCB;[3.096,3,3.2];[0.05,0.04,0.07];[0.763];[4.963];[2.125];[0.889];ChevPol3;[-1,-2,2];[0.5,-2,2];[-0.1,-0.4,0.4];[0.5,-0.1,0.1];
5-15;2.5-3.6;0-100;0-17;todo;true;extCB;[3.096,3,3.2];[0.05,0.04,0.07];[0.763];[4.963];[2.125];[0.889];ChevPol3;[-1,-2,2];[0.5,-2,2];[-0.1,-0.4,0.4];[0.5,-0.1,0.1];
0-1;2.5-3.6;0-100;0-18;todo;true;extCB;[3.096,3,3.2];[0.05,0.04,0.07];[0.763];[4.963];[2.125];[0.889];ChevPol3;[-1,-2,2];[0.5,-2,2];[-0.1,-0.4,0.4];[0.5,-0.1,0.1];
1-2;2.5-3.6;0-100;0-18;todo;true;extCB;[3.096,3,3.2];[0.05,0.04,0.07];[0.763];[4.963];[2.125];[0.889];ChevPol3;[-1,-2,2];[0.5,-2,2];[-0.1,-0.4,0.4];[0.5,-0.1,0.1];
2-5;2.5-3.6;0-100;0-18;todo;true;extCB;[3.096,3,3.2];[0.05,0.04,0.07];[0.763];[4.963];[2.125];[0.889];ChevPol3;[-1,-2,2];[0.5,-2,2];[-0.1,-0.4,0.4];[0.5,-0.1,0.1];
5-15;2.5-3.6;0-100;0-18;todo;true;extCB;[3.096,3,3.2];[0.05,0.04,0.07];[0.763];[4.963];[2.125];[0.889];ChevPol3;[-1,-2,2];[0.5,-2,2];[-0.1,-0.4,0.4];[0.5,-0.1,0.1];
0-1;2.5-3.6;0-100;0-19;todo;true;extCB;[3.096,3,3.2];[0.05,0.04,0.07];[0.763];[4.963];[2.125];[0.889];ChevPol3;[-1,-2,2];[0.5,-2,2];[-0.1,-0.4,0.4];[0.5,-0.1,0.1];
1-2;2.5-3.6;0-100;0-19;todo;true;extCB;[3.096,3,3.2];[0.05,0.04,0.07];[0.763];[4.963];[2.125];[0.889];ChevPol3;[-1,-2,2];[0.5,-2,2];[-0.1,-0.4,0.4];[0.5,-0.1,0.1];
2-5;2.5-3.6;0-100;0-19;todo;true;extCB;[3.096,3,3.2];[0.05,0.04,0.07];[0.763];[4.963];[2.125];[0.889];ChevPol3;[-1,-2,2];[0.5,-2,2];[-0.1,-0.4,0.4];[0.5,-0.1,0.1];
5-15;2.5-3.6;0-100;0-19;todo;true;extCB;[3.096,3,3.2];[0.05,0.04,0.07];[0.763];[4.963];[2.125];[0.889];ChevPol3;[-1,-2,2];[0.5,-2,2];[-0.1,-0.4,0.4];[0.5,-0.1,0.1];
0-1;2.5-3.6;0-100;0-20;todo;true;extCB;[3.096,3,3.2];[0.05,0.04,0.07];[0.763];[4.963];[2.125];[0.889];ChevPol3;[-1,-2,2];[0.5,-2,2];[-0.1,-0.4,0.4];[0.5,-0.1,0.1];
1-2;2.5-3.6;0-100;0-20;todo;true;extCB;[3.096,3,3.2];[0.05,0.04,0.07];[0.763];[4.963];[2.125];[0.889];ChevPol3;[-1,-2,2];[0.5,-2,2];[-0.1,-0.4,0.4];[0.5,-0.1,0.1];
2-5;2.5-3.6;0-100;0-20;todo;true;extCB;[3.096,3,3.2];[0.05,0.04,0.07];[0.763];[4.963];[2.125];[0.889];ChevPol3;[-1,-2,2];[0.5,-2,2];[-0.1,-0.4,0.4];[0.5,-0.1,0.1];
5-15;2.5-3.6;0-100;0-20;todo;true;extCB;[3.096,3,3.2];[0.05,0.04,0.07];[0.763];[4.963];[2.125];[0.889];ChevPol3;[-1,-2,2];[0.5,-2,2];[-0.1,-0.4,0.4];[0.5,-0.1,0.1];
0-1;2.5-3.6;0-100;0-21;todo;true;extCB;[3.096,3,3.2];[0.05,0.04,0.07];[0.763];[4.963];[2.125];[0.889];ChevPol3;[-1,-2,2];[0.5,-2,2];[-0.1,-0.4,0.4];[0.5,-0.1,0.1];
1-2;2.5-3.6;0-100;0-21;todo;true;extCB;[3.096,3,3.2];[0.05,0.04,0.07];[0.763];[4.963];[2.125];[0.889];ChevPol3;[-1,-2,2];[0.5,-2,2];[-0.1,-0.4,0.4];[0.5,-0.1,0.1];
2-5;2.5-3.6;0-100;0-21;todo;true;extCB;[3.096,3,3.2];[0.05,0.04,0.07];[0.763];[4.963];[2.125];[0.889];ChevPol3;[-1,-2,2];[0.5,-2,2];[-0.1,-0.4,0.4];[0.5,-0.1,0.1];
5-15;2.5-3.6;0-100;0-21;todo;true;extCB;[3.096,3,3.2];[0.05,0.04,0.07];[0.763];[4.963];[2.125];[0.889];ChevPol3;[-1,-2,2];[0.5,-2,2];[-0.1,-0.4,0.4];[0.5,-0.1,0.1];
0-1;2.5-3.6;0-100;0-22;todo;true;extCB;[3.096,3,3.2];[0.05,0.04,0.07];[0.763];[4.963];[2.125];[0.889];ChevPol3;[-1,-2,2];[0.5,-2,2];[-0.1,-0.4,0.4];[0.5,-0.1,0.1];
1-2;2.5-3.6;0-100;0-22;todo;true;extCB;[3.096,3,3.2];[0.05,0.04,0.07];[0.763];[4.963];[2.125];[0.889];ChevPol3;[-1,-2,2];[0.5,-2,2];[-0.1,-0.4,0.4];[0.5,-0.1,0.1];
2-5;2.5-3.6;0-100;0-22;todo;true;extCB;[3.096,3,3.2];[0.05,0.04,0.07];[0.763];[4.963];[2.125];[0.889];ChevPol3;[-1,-2,2];[0.5,-2,2];[-0.1,-0.4,0.4];[0.5,-0.1,0.1];
5-15;2.5-3.6;0-100;0-22;todo;true;extCB;[3.096,3,3.2];[0.05,0.04,0.07];[0.763];[4.963];[2.125];[0.889];ChevPol3;[-1,-2,2];[0.5,-2,2];[-0.1,-0.4,0.4];[0.5,-0.1,0.1];
0-1;2.5-3.6;0-100;0-23;todo;true;extCB;[3.096,3,3.2];[0.05,0.04,0.07];[0.763];[4.963];[2.125];[0.889];ChevPol3;[-1,-2,2];[0.5,-2,2];[-0.1,-0.4,0.4];[0.5,-0.1,0.1];
1-2;2.5-3.6;0-100;0-23;todo;true;extCB;[3.096,3,3.2];[0.05,0.04,0.07];[0.763];[4.963];[2.125];[0.889];ChevPol3;[-1,-2,2];[0.5,-2,2];[-0.1,-0.4,0.4];[0.5,-0.1,0.1];
2-5;2.5-3.6;0-100;0-23;todo;true;extCB;[3.096,3,3.2];[0.05,0.04,0.07];[0.763];[4.963];[2.125];[0.889];ChevPol3;[-1,-2,2];[0.5,-2,2];[-0.1,-0.4,0.4];[0.5,-0.1,0.1];
5-15;2.5-3.6;0-100;0-23;todo;true;extCB;[3.096,3,3.2];[0.05,0.04,0.07];[0.763];[4.963];[2.125];[0.889];ChevPol3;[-1,-2,2];[0.5,-2,2];[-0.1,-0.4,0.4];[0.5,-0.1,0.1];
0-1;2.5-3.6;0-100;0-24;todo;true;extCB;[3.096,3,3.2];[0.05,0.04,0.07];[0.763];[4.963];[2.125];[0.889];ChevPol3;[-1,-2,2];[0.5,-2,2];[-0.1,-0.4,0.4];[0.5,-0.1,0.1];
1-2;2.5-3.6;0-100;0-24;todo;true;extCB;[3.096,3,3.2];[0.05,0.04,0.07];[0.763];[4.963];[2.125];[0.889];ChevPol3;[-1,-2,2];[0.5,-2,2];[-0.1,-0.4,0.4];[0.5,-0.1,0.1];
2-5;2.5-3.6;0-100;0-24;todo;true;extCB;[3.096,3,3.2];[0.05,0.04,0.07];[0.763];[4.963];[2.125];[0.889];ChevPol3;[-1,-2,2];[0.5,-2,2];[-0.1,-0.4,0.4];[0.5,-0.1,0.1];
5-15;2.5-3.6;0-100;0-24;todo;true;extCB;[3.096,3,3.2];[0.05,0.04,0.07];[0.763];[4.963];[2.125];[0.889];ChevPol3;[-1,-2,2];[0.5,-2,2];[-0.1,-0.4,0.4];[0.5,-0.1,0.1];
0-1;2.5-3.6;0-100;0-25;todo;true;extCB;[3.096,3,3.2];[0.05,0.04,0.07];[0.763];[4.963];[2.125];[0.889];ChevPol3;[-1,-2,2];[0.5,-2,2];[-0.1,-0.4,0.4];[0.5,-0.1,0.1];
1-2;2.5-3.6;0-100;0-25;todo;true;extCB;[3.096,3,3.2];[0.05,0.04,0.07];[0.763];[4.963];[2.125];[0.889];ChevPol3;[-1,-2,2];[0.5,-2,2];[-0.1,-0.4,0.4];[0.5,-0.1,0.1];
2-5;2.5-3.6;0-100;0-25;todo;true;extCB;[3.096,3,3.2];[0.05,0.04,0.07];[0.763];[4.963];[2.125];[0.889];ChevPol3;[-1,-2,2];[0.5,-2,2];[-0.1,-0.4,0.4];[0.5,-0.1,0.1];
5-15;2.5-3.6;0-100;0-25;todo;true;extCB;[3.096,3,3.2];[0.05,0.04,0.07];[0.763];[4.963];[2.125];[0.889];ChevPol3;[-1,-2,2];[0.5,-2,2];[-0.1,-0.4,0.4];[0.5,-0.1,0.1];
0-1;2.5-3.6;0-100;0-26;todo;true;extCB;[3.096,3,3.2];[0.05,0.04,0.07];[0.763];[4.963];[2.125];[0.889];ChevPol3;[-1,-2,2];[0.5,-2,2];[-0.1,-0.4,0.4];[0.5,-0.1,0.1];
1-2;2.5-3.6;0-100;0-26;todo;true;extCB;[3.096,3,3.2];[0.05,0.04,0.07];[0.763];[4.963];[2.125];[0.889];ChevPol3;[-1,-2,2];[0.5,-2,2];[-0.1,-0.4,0.4];[0.5,-0.1,0.1];
2-5;2.5-3.6;0-100;0-26;todo;true;extCB;[3.096,3,3.2];[0.05,0.04,0.07];[0.763];[4.963];[2.125];[0.889];ChevPol3;[-1,-2,2];[0.5,-2,2];[-0.1,-0.4,0.4];[0.5,-0.1,0.1];
5-15;2.5-3.6;0-100;0-26;todo;true;extCB;[3.096,3,3.2];[0.05,0.04,0.07];[0.763];[4.963];[2.125];[0.889];ChevPol3;[-1,-2,2];[0.5,-2,2];[-0.1,-0.4,0.4];[0.5,-0.1,0.1];
0-1;2.5-3.6;0-100;0-27;todo;true;extCB;[3.096,3,3.2];[0.05,0.04,0.07];[0.763];[4.963];[2.125];[0.889];ChevPol3;[-1,-2,2];[0.5,-2,2];[-0.1,-0.4,0.4];[0.5,-0.1,0.1];
1-2;2.5-3.6;0-100;0-27;todo;true;extCB;[3.096,3,3.2];[0.05,0.04,0.07];[0.763];[4.963];[2.125];[0.889];ChevPol3;[-1,-2,2];[0.5,-2,2];[-0.1,-0.4,0.4];[0.5,-0.1,0.1];
2-5;2.5-3.6;0-100;0-27;todo;true;extCB;[3.096,3,3.2];[0.05,0.04,0.07];[0.763];[4.963];[2.125];[0.889];ChevPol3;[-1,-2,2];[0.5,-2,2];[-0.1,-0.4,0.4];[0.5,-0.1,0.1];
5-15;2.5-3.6;0-100;0-27;todo;true;extCB;[3.096,3,3.2];[0.05,0.04,0.07];[0.763];[4.963];[2.125];[0.889];ChevPol3;[-1,-2,2];[0.5,-2,2];[-0.1,-0.4,0.4];[0.5,-0.1,0.1];
0-1;2.5-3.6;0-100;0-28;todo;true;extCB;[3.096,3,3.2];[0.05,0.04,0.07];[0.763];[4.963];[2.125];[0.889];ChevPol3;[-1,-2,2];[0.5,-2,2];[-0.1,-0.4,0.4];[0.5,-0.1,0.1];
1-2;2.5-3.6;0-100;0-28;todo;true;extCB;[3.096,3,3.2];[0.05,0.04,0.07];[0.763];[4.963];[2.125];[0.889];ChevPol3;[-1,-2,2];[0.5,-2,2];[-0.1,-0.4,0.4];[0.5,-0.1,0.1];
2-5;2.5-3.6;0-100;0-28;todo;true;extCB;[3.096,3,3.2];[0.05,0.04,0.07];[0.763];[4.963];[2.125];[0.889];ChevPol3;[-1,-2,2];[0.5,-2,2];[-0.1,-0.4,0.4];[0.5,-0.1,0.1];
5-15;2.5-3.6;0-100;0-28;todo;true;extCB;[3.096,3,3.2];[0.05,0.04,0.07];[0.763];[4.963];[2.125];[0.889];ChevPol3;[-1,-2,2];[0.5,-2,2];[-0.1,-0.4,0.4];[0.5,-0.1,0.1];
0-1;2.5-3.6;0-100;0-29;todo;true;extCB;[3.096,3,3.2];[0.05,0.04,0.07];[0.763];[4.963];[2.125];[0.889];ChevPol3;[-1,-2,2];[0.5,-2,2];[-0.1,-0.4,0.4];[0.5,-0.1,0.1];
1-2;2.5-3.6;0-100;0-29;todo;true;extCB;[3.096,3,3.2];[0.05,0.04,0.07];[0.763];[4.963];[2.125];[0.889];ChevPol3;[-1,-2,2];[0.5,-2,2];[-0.1,-0.4,0.4];[0.5,-0.1,0.1];
2-5;2.5-3.6;0-100;0-29;todo;true;extCB;[3.096,3,3.2];[0.05,0.04,0.07];[0.763];[4.963];[2.125];[0.889];ChevPol3;[-1,-2,2];[0.5,-2,2];[-0.1,-0.4,0.4];[0.5,-0.1,0.1];
5-15;2.5-3.6;0-100;0-29;todo;true;extCB;[3.096,3,3.2];[0.05,0.04,0.07];[0.763];[4.963];[2.125];[0.889];ChevPol3;[-1,-2,2];[0.5,-2,2];[-0.1,-0.4,0.4];[0.5,-0.1,0.1];
0-1;2.5-3.6;0-100;0-30;todo;true;extCB;[3.096,3,3.2];[0.05,0.04,0.07];[0.763];[4.963];[2.125];[0.889];ChevPol3;[-1,-2,2];[0.5,-2,2];[-0.1,-0.4,0.4];[0.5,-0.1,0.1];
1-2;2.5-3.6;0-100;0-30;todo;true;extCB;[3.096,3,3.2];[0.05,0.04,0.07];[0.763];[4.963];[2.125];[0.889];ChevPol3;[-1,-2,2];[0.5,-2,2];[-0.1,-0.4,0.4];[0.5,-0.1,0.1];
2-5;2.5-3.6;0-100;0-30;todo;true;extCB;[3.096,3,3.2];[0.05,0.04,0.07];[0.763];[4.963];[2.125];[0.889];ChevPol3;[-1,-2,2];[0.5,-2,2];[-0.1,-0.4,0.4];[0.5,-0.1,0.1];
5-15;2.5-3.6;0-100;0-30;todo;true;extCB;[3.096,3,3.2];[0.05,0.04,0.07];[0.763];[4.963];[2.125];[0.889];ChevPol3;[-1,-2,2];[0.5,-2,2];[-0.1,-0.4,0.4];[0.5,-0.1,0.1];
0-1;2.5-3.6;0-100;0-31;todo;true;extCB;[3.096,3,3.2];[0.05,0.04,0.07];[0.763];[4.963];[2.125];[0.889];ChevPol3;[-1,-2,2];[0.5,-2,2];[-0.1,-0.4,0.4];[0.5,-0.1,0.1];
1-2;2.5-3.6;0-100;0-31;todo;true;extCB;[3.096,3,3.2];[0.05,0.04,0.07];[0.763];[4.963];[2.125];[0.889];ChevPol3;[-1,-2,2];[0.5,-2,2];[-0.1,-0.4,0.4];[0.5,-0.1,0.1];
2-5;2.5-3.6;0-100;0-31;todo;true;extCB;[3.096,3,3.2];[0.05,0.04,0.07];[0.763];[4.963];[2.125];[0.889];ChevPol3;[-1,-2,2];[0.5,-2,2];[-0.1,-0.4,0.4];[0.5,-0.1,0.1];
5-15;2.5-3.6;0-100;0-31;todo;true;extCB;[3.096,3,3.2];[0.05,0.04,0.07];[0.763];[4.963];[2.125];[0.889];ChevPol3;[-1,-2,2];[0.5,-2,2];[-0.1,-0.4,0.4];[0.5,-0.1,0.1];
0-1;2.5-3.6;0-100;0-32;todo;true;extCB;[3.096,3,3.2];[0.05,0.04,0.07];[0.763];[4.963];[2.125];[0.889];ChevPol3;[-1,-2,2];[0.5,-2,2];[-0.1,-0.4,0.4];[0.5,-0.1,0.1];
1-2;2.5-3.6;0-100;0-32;todo;true;extCB;[3.096,3,3.2];[0.05,0.04,0.07];[0.763];[4.963];[2.125];[0.889];ChevPol3;[-1,-2,2];[0.5,-2,2];[-0.1,-0.4,0.4];[0.5,-0.1,0.1];
2-5;2.5-3.6;0-100;0-32;todo;true;extCB;[3.096,3,3.2];[0.05,0.04,0.07];[0.763];[4.963];[2.125];[0.889];ChevPol3;[-1,-2,2];[0.5,-2,2];[-0.1,-0.4,0.4];[0.5,-0.1,0.1];
5-15;2.5-3.6;0-100;0-32;todo;true;extCB;[3.096,3,3.2];[0.05,0.04,0.07];[0.763];[4.963];[2.125];[0.889];ChevPol3;[-1,-2,2];[0.5,-2,2];[-0.1,-0.4,0.4];[0.5,-0.1,0.1];
0-1;2.5-3.6;0-100;0-33;todo;true;extCB;[3.096,3,3.2];[0.05,0.04,0.07];[0.763];[4.963];[2.125];[0.889];ChevPol3;[-1,-2,2];[0.5,-2,2];[-0.1,-0.4,0.4];[0.5,-0.1,0.1];
1-2;2.5-3.6;0-100;0-33;todo;true;extCB;[3.096,3,3.2];[0.05,0.04,0.07];[0.763];[4.963];[2.125];[0.889];ChevPol3;[-1,-2,2];[0.5,-2,2];[-0.1,-0.4,0.4];[0.5,-0.1,0.1];
2-5;2.5-3.6;0-100;0-33;todo;true;extCB;[3.096,3,3.2];[0.05,0.04,0.07];[0.763];[4.963];[2.125];[0.889];ChevPol3;[-1,-2,2];[0.5,-2,2];[-0.1,-0.4,0.4];[0.5,-0.1,0.1];
5-15;2.5-3.6;0-100;0-33;todo;true;extCB;[3.096,3,3.2];[0.05,0.04,0.07];[0.763];[4.963];[2.125];[0.889];ChevPol3;[-1,-2,2];[0.5,-2,2];[-0.1,-0.4,0.4];[0.5,-0.1,0.1];
0-1;2.5-3.6;0-100;0-34;todo;true;extCB;[3.096,3,3.2];[0.05,0.04,0.07];[0.763];[4.963];[2.125];[0.889];ChevPol3;[-1,-2,2];[0.5,-2,2];[-0.1,-0.4,0.4];[0.5,-0.1,0.1];
1-2;2.5-3.6;0-100;0-34;todo;true;extCB;[3.096,3,3.2];[0.05,0.04,0.07];[0.763];[4.963];[2.125];[0.889];ChevPol3;[-1,-2,2];[0.5,-2,2];[-0.1,-0.4,0.4];[0.5,-0.1,0.1];
2-5;2.5-3.6;0-100;0-34;todo;true;extCB;[3.096,3,3.2];[0.05,0.04,0.07];[0.763];[4.963];[2.125];[0.889];ChevPol3;[-1,-2,2];[0.5,-2,2];[-0.1,-0.4,0.4];[0.5,-0.1,0.1];
5-15;2.5-3.6;0-100;0-34;todo;true;extCB;[3.096,3,3.2];[0.05,0.04,0.07];[0.763];[4.963];[2.125];[0.889];ChevPol3;[-1,-2,2];[0.5,-2,2];[-0.1,-0.4,0.4];[0.5,-0.1,0.1];
0-1;2.5-3.6;0-100;0-35;todo;true;extCB;[3.096,3,3.2];[0.05,0.04,0.07];[0.763];[4.963];[2.125];[0.889];ChevPol3;[-1,-2,2];[0.5,-2,2];[-0.1,-0.4,0.4];[0.5,-0.1,0.1];
1-2;2.5-3.6;0-100;0-35;todo;true;extCB;[3.096,3,3.2];[0.05,0.04,0.07];[0.763];[4.963];[2.125];[0.889];ChevPol3;[-1,-2,2];[0.5,-2,2];[-0.1,-0.4,0.4];[0.5,-0.1,0.1];
2-5;2.5-3.6;0-100;0-35;todo;true;extCB;[3.096,3,3.2];[0.05,0.04,0.07];[0.763];[4.963];[2.125];[0.889];ChevPol3;[-1,-2,2];[0.5,-2,2];[-0.1,-0.4,0.4];[0.5,-0.1,0.1];
5-15;2.5-3.6;0-100;0-35;todo;true;extCB;[3.096,3,3.2];[0.05,0.04,0.07];[0.763];[4.963];[2.125];[0.889];ChevPol3;[-1,-2,2];[0.5,-2,2];[-0.1,-0.4,0.4];[0.5,-0.1,0.1];
0-1;2.5-3.6;0-100;0-36;todo;true;extCB;[3.096,3,3.2];[0.05,0.04,0.07];[0.763];[4.963];[2.125];[0.889];ChevPol3;[-1,-2,2];[0.5,-2,2];[-0.1,-0.4,0.4];[0.5,-0.1,0.1];
1-2;2.5-3.6;0-100;0-36;todo;true;extCB;[3.096,3,3.2];[0.05,0.04,0.07];[0.763];[4.963];[2.125];[0.889];ChevPol3;[-1,-2,2];[0.5,-2,2];[-0.1,-0.4,0.4];[0.5,-0.1,0.1];
2-5;2.5-3.6;0-100;0-36;todo;true;extCB;[3.096,3,3.2];[0.05,0.04,0.07];[0.763];[4.963];[2.125];[0.889];ChevPol3;[-1,-2,2];[0.5,-2,2];[-0.1,-0.4,0.4];[0.5,-0.1,0.1];
5-15;2.5-3.6;0-100;0-36;todo;true;extCB;[3.096,3,3.2];[0.05,0.04,0.07];[0.763];[4.963];[2.125];[0.889];ChevPol3;[-1,-2,2];[0.5,-2,2];[-0.1,-0.4,0.4];[0.5,-0.1,0.1];
0-1;2.5-3.6;0-100;0-37;todo;true;extCB;[3.096,3,3.2];[0.05,0.04,0.07];[0.763];[4.963];[2.125];[0.889];ChevPol3;[-1,-2,2];[0.5,-2,2];[-0.1,-0.4,0.4];[0.5,-0.1,0.1];
1-2;2.5-3.6;0-100;0-37;todo;true;extCB;[3.096,3,3.2];[0.05,0.04,0.07];[0.763];[4.963];[2.125];[0.889];ChevPol3;[-1,-2,2];[0.5,-2,2];[-0.1,-0.4,0.4];[0.5,-0.1,0.1];
2-5;2.5-3.6;0-100;0-37;todo;true;extCB;[3.096,3,3.2];[0.05,0.04,0.07];[0.763];[4.963];[2.125];[0.889];ChevPol3;[-1,-2,2];[0.5,-2,2];[-0.1,-0.4,0.4];[0.5,-0.1,0.1];
5-15;2.5-3.6;0-100;0-37;todo;true;extCB;[3.096,3,3.2];[0.05,0.04,0.07];[0.763];[4.963];[2.125];[0.889];ChevPol3;[-1,-2,2];[0.5,-2,2];[-0.1,-0.4,0.4];[0.5,-0.1,0.1];
0-1;2.5-3.6;0-100;0-38;todo;true;extCB;[3.096,3,3.2];[0.05,0.04,0.07];[0.763];[4.963];[2.125];[0.889];ChevPol3;[-1,-2,2];[0.5,-2,2];[-0.1,-0.4,0.4];[0.5,-0.1,0.1];
1-2;2.5-3.6;0-100;0-38;todo;true;extCB;[3.096,3,3.2];[0.05,0.04,0.07];[0.763];[4.963];[2.125];[0.889];ChevPol3;[-1,-2,2];[0.5,-2,2];[-0.1,-0.4,0.4];[0.5,-0.1,0.1];
2-5;2.5-3.6;0-100;0-38;todo;true;extCB;[3.096,3,3.2];[0.05,0.04,0.07];[0.763];[4.963];[2.125];[0.889];ChevPol3;[-1,-2,2];[0.5,-2,2];[-0.1,-0.4,0.4];[0.5,-0.1,0.1];
5-15;2.5-3.6;0-100;0-38;todo;true;extCB;[3.096,3,3.2];[0.05,0.04,0.07];[0.763];[4.963];[2.125];[0.889];ChevPol3;[-1,-2,2];[0.5,-2,2];[-0.1,-0.4,0.4];[0.5,-0.1,0.1];
0-1;2.5-3.6;0-100;0-39;todo;true;extCB;[3.096,3,3.2];[0.05,0.04,0.07];[0.763];[4.963];[2.125];[0.889];ChevPol3;[-1,-2,2];[0.5,-2,2];[-0.1,-0.4,0.4];[0.5,-0.1,0.1];
1-2;2.5-3.6;0-100;0-39;todo;true;extCB;[3.096,3,3.2];[0.05,0.04,0.07];[0.763];[4.963];[2.125];[0.889];ChevPol3;[-1,-2,2];[0.5,-2,2];[-0.1,-0.4,0.4];[0.5,-0.1,0.1];
2-5;2.5-3.6;0-100;0-39;todo;true;extCB;[3.096,3,3.2];[0.05,0.04,0.07];[0.763];[4.963];[2.125];[0.889];ChevPol3;[-1,-2,2];[0.5,-2,2];[-0.1,-0.4,0.4];[0.5,-0.1,0.1];
5-15;2.5-3.6;0-100;0-39;todo;true;extCB;[3.096,3,3.2];[0.05,0.04,0.07];[0.763];[4.963];[2.125];[0.889];ChevPol3;[-1,-2,2];[0.5,-2,2];[-0.1,-0.4,0.4];[0.5,-0.1,0.1];
0-1;2.5-3.6;0-100;0-40;todo;true;extCB;[3.096,3,3.2];[0.05,0.04,0.07];[0.763];[4.963];[2.125];[0.889];ChevPol3;[-1,-2,2];[0.5,-2,2];[-0.1,-0.4,0.4];[0.5,-0.1,0.1];
1-2;2.5-3.6;0-100;0-40;todo;true;extCB;[3.096,3,3.2];[0.05,0.04,0.07];[0.763];[4.963];[2.125];[0.889];ChevPol3;[-1,-2,2];[0.5,-2,2];[-0.1,-0.4,0.4];[0.5,-0.1,0.1];
2-5;2.5-3.6;0-100;0-40;todo;true;extCB;[3.096,3,3.2];[0.05,0.04,0.07];[0.763];[4.963];[2.125];[0.889];ChevPol3;[-1,-2,2];[0.5,-2,2];[-0.1,-0.4,0.4];[0.5,-0.1,0.1];
5-15;2.5-3.6;0-100;0-40;todo;true;extCB;[3.096,3,3.2];[0.05,0.04,0.07];[0.763];[4.963];[2.125];[0.889];ChevPol3;[-1,-2,2];[0.5,-2,2];[-0.1,-0.4,0.4];[0.5,-0.1,0.1];
0-1;2.5-3.6;0-100;0-41;todo;true;extCB;[3.096,3,3.2];[0.05,0.04,0.07];[0.763];[4.963];[2.125];[0.889];ChevPol3;[-1,-2,2];[0.5,-2,2];[-0.1,-0.4,0.4];[0.5,-0.1,0.1];
1-2;2.5-3.6;0-100;0-41;todo;true;extCB;[3.096,3,3.2];[0.05,0.04,0.07];[0.763];[4.963];[2.125];[0.889];ChevPol3;[-1,-2,2];[0.5,-2,2];[-0.1,-0.4,0.4];[0.5,-0.1,0.1];
2-5;2.5-3.6;0-100;0-41;todo;true;extCB;[3.096,3,3.2];[0.05,0.04,0.07];[0.763];[4.963];[2.125];[0.889];ChevPol3;[-1,-2,2];[0.5,-2,2];[-0.1,-0.4,0.4];[0.5,-0.1,0.1];
5-15;2.5-3.6;0-100;0-41;todo;true;extCB;[3.096,3,3.2];[0.05,0.04,0.07];[0.763];[4.963];[2.125];[0.889];ChevPol3;[-1,-2,2];[0.5,-2,2];[-0.1,-0.4,0.4];[0.5,-0.1,0.1];
0-1;2.5-3.6;0-100;0-42;todo;true;extCB;[3.096,3,3.2];[0.05,0.04,0.07];[0.763];[4.963];[2.125];[0.889];ChevPol3;[-1,-2,2];[0.5,-2,2];[-0.1,-0.4,0.4];[0.5,-0.1,0.1];
1-2;2.5-3.6;0-100;0-42;todo;true;extCB;[3.096,3,3.2];[0.05,0.04,0.07];[0.763];[4.963];[2.125];[0.889];ChevPol3;[-1,-2,2];[0.5,-2,2];[-0.1,-0.4,0.4];[0.5,-0.1,0.1];
2-5;2.5-3.6;0-100;0-42;todo;true;extCB;[3.096,3,3.2];[0.05,0.04,0.07];[0.763];[4.963];[2.125];[0.889];ChevPol3;[-1,-2,2];[0.5,-2,2];[-0.1,-0.4,0.4];[0.5,-0.1,0.1];
5-15;2.5-3.6;0-100;0-42;todo;true;extCB;[3.096,3,3.2];[0.05,0.04,0.07];[0.763];[4.963];[2.125];[0.889];ChevPol3;[-1,-2,2];[0.5,-2,2];[-0.1,-0.4,0.4];[0.5,-0.1,0.1];
0-1;2.5-3.6;0-100;0-43;todo;true;extCB;[3.096,3,3.2];[0.05,0.04,0.07];[0.763];[4.963];[2.125];[0.889];ChevPol3;[-1,-2,2];[0.5,-2,2];[-0.1,-0.4,0.4];[0.5,-0.1,0.1];
1-2;2.5-3.6;0-100;0-43;todo;true;extCB;[3.096,3,3.2];[0.05,0.04,0.07];[0.763];[4.963];[2.125];[0.889];ChevPol3;[-1,-2,2];[0.5,-2,2];[-0.1,-0.4,0.4];[0.5,-0.1,0.1];
2-5;2.5-3.6;0-100;0-43;todo;true;extCB;[3.096,3,3.2];[0.05,0.04,0.07];[0.763];[4.963];[2.125];[0.889];ChevPol3;[-1,-2,2];[0.5,-2,2];[-0.1,-0.4,0.4];[0.5,-0.1,0.1];
5-15;2.5-3.6;0-100;0-43;todo;true;extCB;[3.096,3,3.2];[0.05,0.04,0.07];[0.763];[4.963];[2.125];[0.889];ChevPol3;[-1,-2,2];[0.5,-2,2];[-0.1,-0.4,0.4];[0.5,-0.1,0.1];
0-1;2.5-3.6;0-100;0-44;todo;true;extCB;[3.096,3,3.2];[0.05,0.04,0.07];[0.763];[4.963];[2.125];[0.889];ChevPol3;[-1,-2,2];[0.5,-2,2];[-0.1,-0.4,0.4];[0.5,-0.1,0.1];
1-2;2.5-3.6;0-100;0-44;todo;true;extCB;[3.096,3,3.2];[0.05,0.04,0.07];[0.763];[4.963];[2.125];[0.889];ChevPol3;[-1,-2,2];[0.5,-2,2];[-0.1,-0.4,0.4];[0.5,-0.1,0.1];
2-5;2.5-3.6;0-100;0-44;todo;true;extCB;[3.096,3,3.2];[0.05,0.04,0.07];[0.763];[4.963];[2.125];[0.889];ChevPol3;[-1,-2,2];[0.5,-2,2];[-0.1,-0.4,0.4];[0.5,-0.1,0.1];
5-15;2.5-3.6;0-100;0-44;todo;true;extCB;[3.096,3,3.2];[0.05,0.04,0.07];[0.763];[4.963];[2.125];[0.889];ChevPol3;[-1,-2,2];[0.5,-2,2];[-0.1,-0.4,0.4];[0.5,-0.1,0.1];
0-1;2.5-3.6;0-100;0-45;todo;true;extCB;[3.096,3,3.2];[0.05,0.04,0.07];[0.763];[4.963];[2.125];[0.889];ChevPol3;[-1,-2,2];[0.5,-2,2];[-0.1,-0.4,0.4];[0.5,-0.1,0.1];
1-2;2.5-3.6;0-100;0-45;todo;true;extCB;[3.096,3,3.2];[0.05,0.04,0.07];[0.763];[4.963];[2.125];[0.889];ChevPol3;[-1,-2,2];[0.5,-2,2];[-0.1,-0.4,0.4];[0.5,-0.1,0.1];
2-5;2.5-3.6;0-100;0-45;todo;true;extCB;[3.096,3,3.2];[0.05,0.04,0.07];[0.763];[4.963];[2.125];[0.889];ChevPol3;[-1,-2,2];[0.5,-2,2];[-0.1,-0.4,0.4];[0.5,-0.1,0.1];
5-15;2.5-3.6;0-100;0-45;todo;true;extCB;[3.096,3,3.2];[0.05,0.04,0.07];[0.763];[4.963];[2.125];[0.889];ChevPol3;[-1,-2,2];[0.5,-2,2];[-0.1,-0.4,0.4];[0.5,-0.1,0.1];
0-1;2.5-3.6;0-100;0-46;todo;true;extCB;[3.096,3,3.2];[0.05,0.04,0.07];[0.763];[4.963];[2.125];[0.889];ChevPol3;[-1,-2,2];[0.5,-2,2];[-0.1,-0.4,0.4];[0.5,-0.1,0.1];
1-2;2.5-3.6;0-100;0-46;todo;true;extCB;[3.096,3,3.2];[0.05,0.04,0.07];[0.763];[4.963];[2.125];[0.889];ChevPol3;[-1,-2,2];[0.5,-2,2];[-0.1,-0.4,0.4];[0.5,-0.1,0.1];
2-5;2.5-3.6;0-100;0-46;todo;true;extCB;[3.096,3,3.2];[0.05,0.04,0.07];[0.763];[4.963];[2.125];[0.889];ChevPol3;[-1,-2,2];[0.5,-2,2];[-0.1,-0.4,0.4];[0.5,-0.1,0.1];
5-15;2.5-3.6;0-100;0-46;todo;true;extCB;[3.096,3,3.2];[0.05,0.04,0.07];[0.763];[4.963];[2.125];[0.889];ChevPol3;[-1,-2,2];[0.5,-2,2];[-0.1,-0.4,0.4];[0.5,-0.1,0.1];
0-1;2.5-3.6;0-100;0-47;todo;true;extCB;[3.096,3,3.2];[0.05,0.04,0.07];[0.763];[4.963];[2.125];[0.889];ChevPol3;[-1,-2,2];[0.5,-2,2];[-0.1,-0.4,0.4];[0.5,-0.1,0.1];
1-2;2.5-3.6;0-100;0-47;todo;true;extCB;[3.096,3,3.2];[0.05,0.04,0.07];[0.763];[4.963];[2.125];[0.889];ChevPol3;[-1,-2,2];[0.5,-2,2];[-0.1,-0.4,0.4];[0.5,-0.1,0.1];
2-5;2.5-3.6;0-100;0-47;todo;true;extCB;[3.096,3,3.2];[0.05,0.04,0.07];[0.763];[4.963];[2.125];[0.889];ChevPol3;[-1,-2,2];[0.5,-2,2];[-0.1,-0.4,0.4];[0.5,-0.1,0.1];
5-15;2.5-3.6;0-100;0-47;todo;true;extCB;[3.096,3,3.2];[0.05,0.04,0.07];[0.763];[4.963];[2.125];[0.889];ChevPol3;[-1,-2,2];[0.5,-2,2];[-0.1,-0.4,0.4];[0.5,-0.1,0.1];
0-1;2.5-3.6;0-100;0-48;todo;true;extCB;[3.096,3,3.2];[0.05,0.04,0.07];[0.763];[4.963];[2.125];[0.889];ChevPol3;[-1,-2,2];[0.5,-2,2];[-0.1,-0.4,0.4];[0.5,-0.1,0.1];
1-2;2.5-3.6;0-100;0-48;todo;true;extCB;[3.096,3,3.2];[0.05,0.04,0.07];[0.763];[4.963];[2.125];[0.889];ChevPol3;[-1,-2,2];[0.5,-2,2];[-0.1,-0.4,0.4];[0.5,-0.1,0.1];
2-5;2.5-3.6;0-100;0-48;todo;true;extCB;[3.096,3,3.2];[0.05,0.04,0.07];[0.763];[4.963];[2.125];[0.889];ChevPol3;[-1,-2,2];[0.5,-2,2];[-0.1,-0.4,0.4];[0.5,-0.1,0.1];
5-15;2.5-3.6;0-100;0-48;todo;true;extCB;[3.096,3,3.2];[0.05,0.04,0.07];[0.763];[4.963];[2.125];[0.889];ChevPol3;[-1,-2,2];[0.5,-2,2];[-0.1,-0.4,0.4];[0.5,-0.1,0.1];
0-1;2.5-3.6;0-100;0-49;todo;true;extCB;[3.096,3,3.2];[0.05,0.04,0.07];[0.763];[4.963];[2.125];[0.889];ChevPol3;[-1,-2,2];[0.5,-2,2];[-0.1,-0.4,0.4];[0.5,-0.1,0.1];
1-2;2.5-3.6;0-100;0-49;todo;true;extCB;[3.096,3,3.2];[0.05,0.04,0.07];[0.763];[4.963];[2.125];[0.889];ChevPol3;[-1,-2,2];[0.5,-2,2];[-0.1,-0.4,0.4];[0.5,-0.1,0.1];
2-5;2.5-3.6;0-100;0-49;todo;true;extCB;[3.096,3,3.2];[0.05,0.04,0.07];[0.763];[4.963];[2.125];[0.889];ChevPol3;[-1,-2,2];[0.5,-2,2];[-0.1,-0.4,0.4];[0.5,-0.1,0.1];
5-15;2.5-3.6;0-100;0-49;todo;true;extCB;[3.096,3,3.2];[0.05,0.04,0.07];[0.763];[4.963];[2.125];[0.889];ChevPol3;[-1,-2,2];[0.5,-2,2];[-0.1,-0.4,0.4];[0.5,-0.1,0.1];
0-1;2.5-3.6;0-100;0-50;todo;true;extCB;[3.096,3,3.2];[0.05,0.04,0.07];[0.763];[4.963];[2.125];[0.889];ChevPol3;[-1,-2,2];[0.5,-2,2];[-0.1,-0.4,0.4];[0.5,-0.1,0.1];
1-2;2.5-3.6;0-100;0-50;todo;true;extCB;[3.096,3,3.2];[0.05,0.04,0.07];[0.763];[4.963];[2.125];[0.889];ChevPol3;[-1,-2,2];[0.5,-2,2];[-0.1,-0.4,0.4];[0.5,-0.1,0.1];
2-5;2.5-3.6;0-100;0-50;todo;true;extCB;[3.096,3,3.2];[0.05,0.04,0.07];[0.763];[4.963];[2.125];[0.889];ChevPol3;[-1,-2,2];[0.5,-2,2];[-0.1,-0.4,0.4];[0.5,-0.1,0.1];
5-15;2.5-3.6;0-100;0-50;todo;true;extCB;[3.096,3,3.2];[0.05,0.04,0.07];[0.763];[4.963];[2.125];[0.889];ChevPol3;[-1,-2,2];[0.5,-2,2];[-0.1,-0.4,0.4];[0.5,-0.1,0.1];
0-1;2.5-3.6;0-100;0-51;todo;true;extCB;[3.096,3,3.2];[0.05,0.04,0.07];[0.763];[4.963];[2.125];[0.889];ChevPol3;[-1,-2,2];[0.5,-2,2];[-0.1,-0.4,0.4];[0.5,-0.1,0.1];
1-2;2.5-3.6;0-100;0-51;todo;true;extCB;[3.096,3,3.2];[0.05,0.04,0.07];[0.763];[4.963];[2.125];[0.889];ChevPol3;[-1,-2,2];[0.5,-2,2];[-0.1,-0.4,0.4];[0.5,-0.1,0.1];
2-5;2.5-3.6;0-100;0-51;todo;true;extCB;[3.096,3,3.2];[0.05,0.04,0.07];[0.763];[4.963];[2.125];[0.889];ChevPol3;[-1,-2,2];[0.5,-2,2];[-0.1,-0.4,0.4];[0.5,-0.1,0.1];
5-15;2.5-3.6;0-100;0-51;todo;true;extCB;[3.096,3,3.2];[0.05,0.04,0.07];[0.763];[4.963];[2.125];[0.889];ChevPol3;[-1,-2,2];[0.5,-2,2];[-0.1,-0.4,0.4];[0.5,-0.1,0.1];
0-1;2.5-3.6;0-100;0-52;todo;true;extCB;[3.096,3,3.2];[0.05,0.04,0.07];[0.763];[4.963];[2.125];[0.889];ChevPol3;[-1,-2,2];[0.5,-2,2];[-0.1,-0.4,0.4];[0.5,-0.1,0.1];
1-2;2.5-3.6;0-100;0-52;todo;true;extCB;[3.096,3,3.2];[0.05,0.04,0.07];[0.763];[4.963];[2.125];[0.889];ChevPol3;[-1,-2,2];[0.5,-2,2];[-0.1,-0.4,0.4];[0.5,-0.1,0.1];
2-5;2.5-3.6;0-100;0-52;todo;true;extCB;[3.096,3,3.2];[0.05,0.04,0.07];[0.763];[4.963];[2.125];[0.889];ChevPol3;[-1,-2,2];[0.5,-2,2];[-0.1,-0.4,0.4];[0.5,-0.1,0.1];
5-15;2.5-3.6;0-100;0-52;todo;true;extCB;[3.096,3,3.2];[0.05,0.04,0.07];[0.763];[4.963];[2.125];[0.889];ChevPol3;[-1,-2,2];[0.5,-2,2];[-0.1,-0.4,0.4];[0.5,-0.1,0.1];
0-1;2.5-3.6;0-100;0-53;todo;true;extCB;[3.096,3,3.2];[0.05,0.04,0.07];[0.763];[4.963];[2.125];[0.889];ChevPol3;[-1,-2,2];[0.5,-2,2];[-0.1,-0.4,0.4];[0.5,-0.1,0.1];
1-2;2.5-3.6;0-100;0-53;todo;true;extCB;[3.096,3,3.2];[0.05,0.04,0.07];[0.763];[4.963];[2.125];[0.889];ChevPol3;[-1,-2,2];[0.5,-2,2];[-0.1,-0.4,0.4];[0.5,-0.1,0.1];
2-5;2.5-3.6;0-100;0-53;todo;true;extCB;[3.096,3,3.2];[0.05,0.04,0.07];[0.763];[4.963];[2.125];[0.889];ChevPol3;[-1,-2,2];[0.5,-2,2];[-0.1,-0.4,0.4];[0.5,-0.1,0.1];
5-15;2.5-3.6;0-100;0-53;todo;true;extCB;[3.096,3,3.2];[0.05,0.04,0.07];[0.763];[4.963];[2.125];[0.889];ChevPol3;[-1,-2,2];[0.5,-2,2];[-0.1,-0.4,0.4];[0.5,-0.1,0.1];
0-1;2.5-3.6;0-100;0-54;todo;true;extCB;[3.096,3,3.2];[0.05,0.04,0.07];[0.763];[4.963];[2.125];[0.889];ChevPol3;[-1,-2,2];[0.5,-2,2];[-0.1,-0.4,0.4];[0.5,-0.1,0.1];
1-2;2.5-3.6;0-100;0-54;todo;true;extCB;[3.096,3,3.2];[0.05,0.04,0.07];[0.763];[4.963];[2.125];[0.889];ChevPol3;[-1,-2,2];[0.5,-2,2];[-0.1,-0.4,0.4];[0.5,-0.1,0.1];
2-5;2.5-3.6;0-100;0-54;todo;true;extCB;[3.096,3,3.2];[0.05,0.04,0.07];[0.763];[4.963];[2.125];[0.889];ChevPol3;[-1,-2,2];[0.5,-2,2];[-0.1,-0.4,0.4];[0.5,-0.1,0.1];
5-15;2.5-3.6;0-100;0-54;todo;true;extCB;[3.096,3,3.2];[0.05,0.04,0.07];[0.763];[4.963];[2.125];[0.889];ChevPol3;[-1,-2,2];[0.5,-2,2];[-0.1,-0.4,0.4];[0.5,-0.1,0.1];
0-1;2.5-3.6;0-100;0-55;todo;true;extCB;[3.096,3,3.2];[0.05,0.04,0.07];[0.763];[4.963];[2.125];[0.889];ChevPol3;[-1,-2,2];[0.5,-2,2];[-0.1,-0.4,0.4];[0.5,-0.1,0.1];
1-2;2.5-3.6;0-100;0-55;todo;true;extCB;[3.096,3,3.2];[0.05,0.04,0.07];[0.763];[4.963];[2.125];[0.889];ChevPol3;[-1,-2,2];[0.5,-2,2];[-0.1,-0.4,0.4];[0.5,-0.1,0.1];
2-5;2.5-3.6;0-100;0-55;todo;true;extCB;[3.096,3,3.2];[0.05,0.04,0.07];[0.763];[4.963];[2.125];[0.889];ChevPol3;[-1,-2,2];[0.5,-2,2];[-0.1,-0.4,0.4];[0.5,-0.1,0.1];
5-15;2.5-3.6;0-100;0-55;todo;true;extCB;[3.096,3,3.2];[0.05,0.04,0.07];[0.763];[4.963];[2.125];[0.889];ChevPol3;[-1,-2,2];[0.5,-2,2];[-0.1,-0.4,0.4];[0.5,-0.1,0.1];
0-1;2.5-3.6;0-100;0-56;todo;true;extCB;[3.096,3,3.2];[0.05,0.04,0.07];[0.763];[4.963];[2.125];[0.889];ChevPol3;[-1,-2,2];[0.5,-2,2];[-0.1,-0.4,0.4];[0.5,-0.1,0.1];
1-2;2.5-3.6;0-100;0-56;todo;true;extCB;[3.096,3,3.2];[0.05,0.04,0.07];[0.763];[4.963];[2.125];[0.889];ChevPol3;[-1,-2,2];[0.5,-2,2];[-0.1,-0.4,0.4];[0.5,-0.1,0.1];
2-5;2.5-3.6;0-100;0-56;todo;true;extCB;[3.096,3,3.2];[0.05,0.04,0.07];[0.763];[4.963];[2.125];[0.889];ChevPol3;[-1,-2,2];[0.5,-2,2];[-0.1,-0.4,0.4];[0.5,-0.1,0.1];
5-15;2.5-3.6;0-100;0-56;todo;true;extCB;[3.096,3,3.2];[0.05,0.04,0.07];[0.763];[4.963];[2.125];[0.889];ChevPol3;[-1,-2,2];[0.5,-2,2];[-0.1,-0.4,0.4];[0.5,-0.1,0.1];
0-1;2.5-3.6;0-100;0-57;todo;true;extCB;[3.096,3,3.2];[0.05,0.04,0.07];[0.763];[4.963];[2.125];[0.889];ChevPol3;[-1,-2,2];[0.5,-2,2];[-0.1,-0.4,0.4];[0.5,-0.1,0.1];
1-2;2.5-3.6;0-100;0-57;todo;true;extCB;[3.096,3,3.2];[0.05,0.04,0.07];[0.763];[4.963];[2.125];[0.889];ChevPol3;[-1,-2,2];[0.5,-2,2];[-0.1,-0.4,0.4];[0.5,-0.1,0.1];
2-5;2.5-3.6;0-100;0-57;todo;true;extCB;[3.096,3,3.2];[0.05,0.04,0.07];[0.763];[4.963];[2.125];[0.889];ChevPol3;[-1,-2,2];[0.5,-2,2];[-0.1,-0.4,0.4];[0.5,-0.1,0.1];
5-15;2.5-3.6;0-100;0-57;todo;true;extCB;[3.096,3,3.2];[0.05,0.04,0.07];[0.763];[4.963];[2.125];[0.889];ChevPol3;[-1,-2,2];[0.5,-2,2];[-0.1,-0.4,0.4];[0.5,-0.1,0.1];
0-1;2.5-3.6;0-100;0-58;todo;true;extCB;[3.096,3,3.2];[0.05,0.04,0.07];[0.763];[4.963];[2.125];[0.889];ChevPol3;[-1,-2,2];[0.5,-2,2];[-0.1,-0.4,0.4];[0.5,-0.1,0.1];
1-2;2.5-3.6;0-100;0-58;todo;true;extCB;[3.096,3,3.2];[0.05,0.04,0.07];[0.763];[4.963];[2.125];[0.889];ChevPol3;[-1,-2,2];[0.5,-2,2];[-0.1,-0.4,0.4];[0.5,-0.1,0.1];
2-5;2.5-3.6;0-100;0-58;todo;true;extCB;[3.096,3,3.2];[0.05,0.04,0.07];[0.763];[4.963];[2.125];[0.889];ChevPol3;[-1,-2,2];[0.5,-2,2];[-0.1,-0.4,0.4];[0.5,-0.1,0.1];
5-15;2.5-3.6;0-100;0-58;todo;true;extCB;[3.096,3,3.2];[0.05,0.04,0.07];[0.763];[4.963];[2.125];[0.889];ChevPol3;[-1,-2,2];[0.5,-2,2];[-0.1,-0.4,0.4];[0.5,-0.1,0.1];
0-1;2.5-3.6;0-100;0-59;todo;true;extCB;[3.096,3,3.2];[0.05,0.04,0.07];[0.763];[4.963];[2.125];[0.889];ChevPol3;[-1,-2,2];[0.5,-2,2];[-0.1,-0.4,0.4];[0.5,-0.1,0.1];
1-2;2.5-3.6;0-100;0-59;todo;true;extCB;[3.096,3,3.2];[0.05,0.04,0.07];[0.763];[4.963];[2.125];[0.889];ChevPol3;[-1,-2,2];[0.5,-2,2];[-0.1,-0.4,0.4];[0.5,-0.1,0.1];
2-5;2.5-3.6;0-100;0-59;todo;true;extCB;[3.096,3,3.2];[0.05,0.04,0.07];[0.763];[4.963];[2.125];[0.889];ChevPol3;[-1,-2,2];[0.5,-2,2];[-0.1,-0.4,0.4];[0.5,-0.1,0.1];
5-15;2.5-3.6;0-100;0-59;todo;true;extCB;[3.096,3,3.2];[0.05,0.04,0.07];[0.763];[4.963];[2.125];[0.889];ChevPol3;[-1,-2,2];[0.5,-2,2];[-0.1,-0.4,0.4];[0.5,-0.1,0.1];
0-1;2.5-3.6;0-100;0-60;todo;true;extCB;[3.096,3,3.2];[0.05,0.04,0.07];[0.763];[4.963];[2.125];[0.889];ChevPol3;[-1,-2,2];[0.5,-2,2];[-0.1,-0.4,0.4];[0.5,-0.1,0.1];
1-2;2.5-3.6;0-100;0-60;todo;true;extCB;[3.096,3,3.2];[0.05,0.04,0.07];[0.763];[4.963];[2.125];[0.889];ChevPol3;[-1,-2,2];[0.5,-2,2];[-0.1,-0.4,0.4];[0.5,-0.1,0.1];
2-5;2.5-3.6;0-100;0-60;todo;true;extCB;[3.096,3,3.2];[0.05,0.04,0.07];[0.763];[4.963];[2.125];[0.889];ChevPol3;[-1,-2,2];[0.5,-2,2];[-0.1,-0.4,0.4];[0.5,-0.1,0.1];
5-15;2.5-3.6;0-100;0-60;todo;true;extCB;[3.096,3,3.2];[0.05,0.04,0.07];[0.763];[4.963];[2.125];[0.889];ChevPol3;[-1,-2,2];[0.5,-2,2];[-0.1,-0.4,0.4];[0.5,-0.1,0.1];
0-1;2.5-3.6;0-100;0-61;todo;true;extCB;[3.096,3,3.2];[0.05,0.04,0.07];[0.763];[4.963];[2.125];[0.889];ChevPol3;[-1,-2,2];[0.5,-2,2];[-0.1,-0.4,0.4];[0.5,-0.1,0.1];
1-2;2.5-3.6;0-100;0-61;todo;true;extCB;[3.096,3,3.2];[0.05,0.04,0.07];[0.763];[4.963];[2.125];[0.889];ChevPol3;[-1,-2,2];[0.5,-2,2];[-0.1,-0.4,0.4];[0.5,-0.1,0.1];
2-5;2.5-3.6;0-100;0-61;todo;true;extCB;[3.096,3,3.2];[0.05,0.04,0.07];[0.763];[4.963];[2.125];[0.889];ChevPol3;[-1,-2,2];[0.5,-2,2];[-0.1,-0.4,0.4];[0.5,-0.1,0.1];
5-15;2.5-3.6;0-100;0-61;todo;true;extCB;[3.096,3,3.2];[0.05,0.04,0.07];[0.763];[4.963];[2.125];[0.889];ChevPol3;[-1,-2,2];[0.5,-2,2];[-0.1,-0.4,0.4];[0.5,-0.1,0.1];
0-1;2.5-3.6;0-100;0-62;todo;true;extCB;[3.096,3,3.2];[0.05,0.04,0.07];[0.763];[4.963];[2.125];[0.889];ChevPol3;[-1,-2,2];[0.5,-2,2];[-0.1,-0.4,0.4];[0.5,-0.1,0.1];
1-2;2.5-3.6;0-100;0-62;todo;true;extCB;[3.096,3,3.2];[0.05,0.04,0.07];[0.763];[4.963];[2.125];[0.889];ChevPol3;[-1,-2,2];[0.5,-2,2];[-0.1,-0.4,0.4];[0.5,-0.1,0.1];
2-5;2.5-3.6;0-100;0-62;todo;true;extCB;[3.096,3,3.2];[0.05,0.04,0.07];[0.763];[4.963];[2.125];[0.889];ChevPol3;[-1,-2,2];[0.5,-2,2];[-0.1,-0.4,0.4];[0.5,-0.1,0.1];
5-15;2.5-3.6;0-100;0-62;todo;true;extCB;[3.096,3,3.2];[0.05,0.04,0.07];[0.763];[4.963];[2.125];[0.889];ChevPol3;[-1,-2,2];[0.5,-2,2];[-0.1,-0.4,0.4];[0.5,-0.1,0.1];
0-1;2.5-3.6;0-100;0-63;todo;true;extCB;[3.096,3,3.2];[0.05,0.04,0.07];[0.763];[4.963];[2.125];[0.889];ChevPol3;[-1,-2,2];[0.5,-2,2];[-0.1,-0.4,0.4];[0.5,-0.1,0.1];
1-2;2.5-3.6;0-100;0-63;todo;true;extCB;[3.096,3,3.2];[0.05,0.04,0.07];[0.763];[4.963];[2.125];[0.889];ChevPol3;[-1,-2,2];[0.5,-2,2];[-0.1,-0.4,0.4];[0.5,-0.1,0.1];
2-5;2.5-3.6;0-100;0-63;todo;true;extCB;[3.096,3,3.2];[0.05,0.04,0.07];[0.763];[4.963];[2.125];[0.889];ChevPol3;[-1,-2,2];[0.5,-2,2];[-0.1,-0.4,0.4];[0.5,-0.1,0.1];
5-15;2.5-3.6;0-100;0-63;todo;true;extCB;[3.096,3,3.2];[0.05,0.04,0.07];[0.763];[4.963];[2.125];[0.889];ChevPol3;[-1,-2,2];[0.5,-2,2];[-0.1,-0.4,0.4];[0.5,-0.1,0.1];
0-1;2.5-3.6;0-100;0-64;todo;true;extCB;[3.096,3,3.2];[0.05,0.04,0.07];[0.763];[4.963];[2.125];[0.889];ChevPol3;[-1,-2,2];[0.5,-2,2];[-0.1,-0.4,0.4];[0.5,-0.1,0.1];
1-2;2.5-3.6;0-100;0-64;todo;true;extCB;[3.096,3,3.2];[0.05,0.04,0.07];[0.763];[4.963];[2.125];[0.889];ChevPol3;[-1,-2,2];[0.5,-2,2];[-0.1,-0.4,0.4];[0.5,-0.1,0.1];
2-5;2.5-3.6;0-100;0-64;todo;true;extCB;[3.096,3,3.2];[0.05,0.04,0.07];[0.763];[4.963];[2.125];[0.889];ChevPol3;[-1,-2,2];[0.5,-2,2];[-0.1,-0.4,0.4];[0.5,-0.1,0.1];
5-15;2.5-3.6;0-100;0-64;todo;true;extCB;[3.096,3,3.2];[0.05,0.04,0.07];[0.763];[4.963];[2.125];[0.889];ChevPol3;[-1,-2,2];[0.5,-2,2];[-0.1,-0.4,0.4];[0.5,-0.1,0.1];
0-1;2.5-3.6;0-100;0-65;todo;true;extCB;[3.096,3,3.2];[0.05,0.04,0.07];[0.763];[4.963];[2.125];[0.889];ChevPol3;[-1,-2,2];[0.5,-2,2];[-0.1,-0.4,0.4];[0.5,-0.1,0.1];
1-2;2.5-3.6;0-100;0-65;todo;true;extCB;[3.096,3,3.2];[0.05,0.04,0.07];[0.763];[4.963];[2.125];[0.889];ChevPol3;[-1,-2,2];[0.5,-2,2];[-0.1,-0.4,0.4];[0.5,-0.1,0.1];
2-5;2.5-3.6;0-100;0-65;todo;true;extCB;[3.096,3,3.2];[0.05,0.04,0.07];[0.763];[4.963];[2.125];[0.889];ChevPol3;[-1,-2,2];[0.5,-2,2];[-0.1,-0.4,0.4];[0.5,-0.1,0.1];
5-15;2.5-3.6;0-100;0-65;todo;true;extCB;[3.096,3,3.2];[0.05,0.04,0.07];[0.763];[4.963];[2.125];[0.889];ChevPol3;[-1,-2,2];[0.5,-2,2];[-0.1,-0.4,0.4];[0.5,-0.1,0.1];
0-1;2.5-3.6;0-100;0-66;todo;true;extCB;[3.096,3,3.2];[0.05,0.04,0.07];[0.763];[4.963];[2.125];[0.889];ChevPol3;[-1,-2,2];[0.5,-2,2];[-0.1,-0.4,0.4];[0.5,-0.1,0.1];
1-2;2.5-3.6;0-100;0-66;todo;true;extCB;[3.096,3,3.2];[0.05,0.04,0.07];[0.763];[4.963];[2.125];[0.889];ChevPol3;[-1,-2,2];[0.5,-2,2];[-0.1,-0.4,0.4];[0.5,-0.1,0.1];
2-5;2.5-3.6;0-100;0-66;todo;true;extCB;[3.096,3,3.2];[0.05,0.04,0.07];[0.763];[4.963];[2.125];[0.889];ChevPol3;[-1,-2,2];[0.5,-2,2];[-0.1,-0.4,0.4];[0.5,-0.1,0.1];
5-15;2.5-3.6;0-100;0-66;todo;true;extCB;[3.096,3,3.2];[0.05,0.04,0.07];[0.763];[4.963];[2.125];[0.889];ChevPol3;[-1,-2,2];[0.5,-2,2];[-0.1,-0.4,0.4];[0.5,-0.1,0.1];
0-1;2.5-3.6;0-100;0-67;todo;true;extCB;[3.096,3,3.2];[0.05,0.04,0.07];[0.763];[4.963];[2.125];[0.889];ChevPol3;[-1,-2,2];[0.5,-2,2];[-0.1,-0.4,0.4];[0.5,-0.1,0.1];
1-2;2.5-3.6;0-100;0-67;todo;true;extCB;[3.096,3,3.2];[0.05,0.04,0.07];[0.763];[4.963];[2.125];[0.889];ChevPol3;[-1,-2,2];[0.5,-2,2];[-0.1,-0.4,0.4];[0.5,-0.1,0.1];
2-5;2.5-3.6;0-100;0-67;todo;true;extCB;[3.096,3,3.2];[0.05,0.04,0.07];[0.763];[4.963];[2.125];[0.889];ChevPol3;[-1,-2,2];[0.5,-2,2];[-0.1,-0.4,0.4];[0.5,-0.1,0.1];
5-15;2.5-3.6;0-100;0-67;todo;true;extCB;[3.096,3,3.2];[0.05,0.04,0.07];[0.763];[4.963];[2.125];[0.889];ChevPol3;[-1,-2,2];[0.5,-2,2];[-0.1,-0.4,0.4];[0.5,-0.1,0.1];
0-1;2.5-3.6;0-100;0-68;todo;true;extCB;[3.096,3,3.2];[0.05,0.04,0.07];[0.763];[4.963];[2.125];[0.889];ChevPol3;[-1,-2,2];[0.5,-2,2];[-0.1,-0.4,0.4];[0.5,-0.1,0.1];
1-2;2.5-3.6;0-100;0-68;todo;true;extCB;[3.096,3,3.2];[0.05,0.04,0.07];[0.763];[4.963];[2.125];[0.889];ChevPol3;[-1,-2,2];[0.5,-2,2];[-0.1,-0.4,0.4];[0.5,-0.1,0.1];
2-5;2.5-3.6;0-100;0-68;todo;true;extCB;[3.096,3,3.2];[0.05,0.04,0.07];[0.763];[4.963];[2.125];[0.889];ChevPol3;[-1,-2,2];[0.5,-2,2];[-0.1,-0.4,0.4];[0.5,-0.1,0.1];
5-15;2.5-3.6;0-100;0-68;todo;true;extCB;[3.096,3,3.2];[0.05,0.04,0.07];[0.763];[4.963];[2.125];[0.889];ChevPol3;[-1,-2,2];[0.5,-2,2];[-0.1,-0.4,0.4];[0.5,-0.1,0.1];
0-1;2.5-3.6;0-100;0-69;todo;true;extCB;[3.096,3,3.2];[0.05,0.04,0.07];[0.763];[4.963];[2.125];[0.889];ChevPol3;[-1,-2,2];[0.5,-2,2];[-0.1,-0.4,0.4];[0.5,-0.1,0.1];
1-2;2.5-3.6;0-100;0-69;todo;true;extCB;[3.096,3,3.2];[0.05,0.04,0.07];[0.763];[4.963];[2.125];[0.889];ChevPol3;[-1,-2,2];[0.5,-2,2];[-0.1,-0.4,0.4];[0.5,-0.1,0.1];
2-5;2.5-3.6;0-100;0-69;todo;true;extCB;[3.096,3,3.2];[0.05,0.04,0.07];[0.763];[4.963];[2.125];[0.889];ChevPol3;[-1,-2,2];[0.5,-2,2];[-0.1,-0.4,0.4];[0.5,-0.1,0.1];
5-15;2.5-3.6;0-100;0-69;todo;true;extCB;[3.096,3,3.2];[0.05,0.04,0.07];[0.763];[4.963];[2.125];[0.889];ChevPol3;[-1,-2,2];[0.5,-2,2];[-0.1,-0.4,0.4];[0.5,-0.1,0.1];
0-1;2.5-3.6;0-100;0-70;todo;true;extCB;[3.096,3,3.2];[0.05,0.04,0.07];[0.763];[4.963];[2.125];[0.889];ChevPol3;[-1,-2,2];[0.5,-2,2];[-0.1,-0.4,0.4];[0.5,-0.1,0.1];
1-2;2.5-3.6;0-100;0-70;todo;true;extCB;[3.096,3,3.2];[0.05,0.04,0.07];[0.763];[4.963];[2.125];[0.889];ChevPol3;[-1,-2,2];[0.5,-2,2];[-0.1,-0.4,0.4];[0.5,-0.1,0.1];
2-5;2.5-3.6;0-100;0-70;todo;true;extCB;[3.096,3,3.2];[0.05,0.04,0.07];[0.763];[4.963];[2.125];[0.889];ChevPol3;[-1,-2,2];[0.5,-2,2];[-0.1,-0.4,0.4];[0.5,-0.1,0.1];
5-15;2.5-3.6;0-100;0-70;todo;true;extCB;[3.096,3,3.2];[0.05,0.04,0.07];[0.763];[4.963];[2.125];[0.889];ChevPol3;[-1,-2,2];[0.5,-2,2];[-0.1,-0.4,0.4];[0.5,-0.1,0.1];
0-1;2.5-3.6;0-100;0-71;todo;true;extCB;[3.096,3,3.2];[0.05,0.04,0.07];[0.763];[4.963];[2.125];[0.889];ChevPol3;[-1,-2,2];[0.5,-2,2];[-0.1,-0.4,0.4];[0.5,-0.1,0.1];
1-2;2.5-3.6;0-100;0-71;todo;true;extCB;[3.096,3,3.2];[0.05,0.04,0.07];[0.763];[4.963];[2.125];[0.889];ChevPol3;[-1,-2,2];[0.5,-2,2];[-0.1,-0.4,0.4];[0.5,-0.1,0.1];
2-5;2.5-3.6;0-100;0-71;todo;true;extCB;[3.096,3,3.2];[0.05,0.04,0.07];[0.763];[4.963];[2.125];[0.889];ChevPol3;[-1,-2,2];[0.5,-2,2];[-0.1,-0.4,0.4];[0.5,-0.1,0.1];
5-15;2.5-3.6;0-100;0-71;todo;true;extCB;[3.096,3,3.2];[0.05,0.04,0.07];[0.763];[4.963];[2.125];[0.889];ChevPol3;[-1,-2,2];[0.5,-2,2];[-0.1,-0.4,0.4];[0.5,-0.1,0.1];
0-1;2.5-3.6;0-100;0-72;todo;true;extCB;[3.096,3,3.2];[0.05,0.04,0.07];[0.763];[4.963];[2.125];[0.889];ChevPol3;[-1,-2,2];[0.5,-2,2];[-0.1,-0.4,0.4];[0.5,-0.1,0.1];
1-2;2.5-3.6;0-100;0-72;todo;true;extCB;[3.096,3,3.2];[0.05,0.04,0.07];[0.763];[4.963];[2.125];[0.889];ChevPol3;[-1,-2,2];[0.5,-2,2];[-0.1,-0.4,0.4];[0.5,-0.1,0.1];
2-5;2.5-3.6;0-100;0-72;todo;true;extCB;[3.096,3,3.2];[0.05,0.04,0.07];[0.763];[4.963];[2.125];[0.889];ChevPol3;[-1,-2,2];[0.5,-2,2];[-0.1,-0.4,0.4];[0.5,-0.1,0.1];
5-15;2.5-3.6;0-100;0-72;todo;true;extCB;[3.096,3,3.2];[0.05,0.04,0.07];[0.763];[4.963];[2.125];[0.889];ChevPol3;[-1,-2,2];[0.5,-2,2];[-0.1,-0.4,0.4];[0.5,-0.1,0.1];
0-1;2.5-3.6;0-100;0-73;todo;true;extCB;[3.096,3,3.2];[0.05,0.04,0.07];[0.763];[4.963];[2.125];[0.889];ChevPol3;[-1,-2,2];[0.5,-2,2];[-0.1,-0.4,0.4];[0.5,-0.1,0.1];
1-2;2.5-3.6;0-100;0-73;todo;true;extCB;[3.096,3,3.2];[0.05,0.04,0.07];[0.763];[4.963];[2.125];[0.889];ChevPol3;[-1,-2,2];[0.5,-2,2];[-0.1,-0.4,0.4];[0.5,-0.1,0.1];
2-5;2.5-3.6;0-100;0-73;todo;true;extCB;[3.096,3,3.2];[0.05,0.04,0.07];[0.763];[4.963];[2.125];[0.889];ChevPol3;[-1,-2,2];[0.5,-2,2];[-0.1,-0.4,0.4];[0.5,-0.1,0.1];
5-15;2.5-3.6;0-100;0-73;todo;true;extCB;[3.096,3,3.2];[0.05,0.04,0.07];[0.763];[4.963];[2.125];[0.889];ChevPol3;[-1,-2,2];[0.5,-2,2];[-0.1,-0.4,0.4];[0.5,-0.1,0.1];
0-1;2.5-3.6;0-100;0-74;todo;true;extCB;[3.096,3,3.2];[0.05,0.04,0.07];[0.763];[4.963];[2.125];[0.889];ChevPol3;[-1,-2,2];[0.5,-2,2];[-0.1,-0.4,0.4];[0.5,-0.1,0.1];
1-2;2.5-3.6;0-100;0-74;todo;true;extCB;[3.096,3,3.2];[0.05,0.04,0.07];[0.763];[4.963];[2.125];[0.889];ChevPol3;[-1,-2,2];[0.5,-2,2];[-0.1,-0.4,0.4];[0.5,-0.1,0.1];
2-5;2.5-3.6;0-100;0-74;todo;true;extCB;[3.096,3,3.2];[0.05,0.04,0.07];[0.763];[4.963];[2.125];[0.889];ChevPol3;[-1,-2,2];[0.5,-2,2];[-0.1,-0.4,0.4];[0.5,-0.1,0.1];
5-15;2.5-3.6;0-100;0-74;todo;true;extCB;[3.096,3,3.2];[0.05,0.04,0.07];[0.763];[4.963];[2.125];[0.889];ChevPol3;[-1,-2,2];[0.5,-2,2];[-0.1,-0.4,0.4];[0.5,-0.1,0.1];
0-1;2.5-3.6;0-100;0-75;todo;true;extCB;[3.096,3,3.2];[0.05,0.04,0.07];[0.763];[4.963];[2.125];[0.889];ChevPol3;[-1,-2,2];[0.5,-2,2];[-0.1,-0.4,0.4];[0.5,-0.1,0.1];
1-2;2.5-3.6;0-100;0-75;todo;true;extCB;[3.096,3,3.2];[0.05,0.04,0.07];[0.763];[4.963];[2.125];[0.889];ChevPol3;[-1,-2,2];[0.5,-2,2];[-0.1,-0.4,0.4];[0.5,-0.1,0.1];
2-5;2.5-3.6;0-100;0-75;todo;true;extCB;[3.096,3,3.2];[0.05,0.04,0.07];[0.763];[4.963];[2.125];[0.889];ChevPol3;[-1,-2,2];[0.5,-2,2];[-0.1,-0.4,0.4];[0.5,-0.1,0.1];
5-15;2.5-3.6;0-100;0-75;todo;true;extCB;[3.096,3,3.2];[0.05,0.04,0.07];[0.763];[4.963];[2.125];[0.889];ChevPol3;[-1,-2,2];[0.5,-2,2];[-0.1,-0.4,0.4];[0.5,-0.1,0.1];
