pt;y;cent;chi2;fitStat;modelSig_mass;mean_mass;sigma_mass;alpha0_mass;n0_mass;alpha1_mass;n1_mass;modelBkg_mass;c0_mass;c1_mass;c2_mass;
0-2;2.5-3.6;0-100;0-5;todo;extCB;[3.096,3,3.2];[0.05,0.04,0.07];[0.763];[4.963];[2.125];[0.889];ChevPol;[0.5,-2,2];[0,-2,2];[0,-0.2,0.2];
0-2;2.5-3.6;0-100;0-10;todo;extCB;[3.096,3,3.2];[0.05,0.04,0.07];[0.763];[4.963];[2.125];[0.889];ChevPol;[0.5,-2,2];[0,-2,2];[0,-0.2,0.2];
0-2;2.5-3.6;0-100;0-15;todo;extCB;[3.096,3,3.2];[0.05,0.04,0.07];[0.763];[4.963];[2.125];[0.889];ChevPol;[0.5,-2,2];[0,-2,2];[0,-0.2,0.2];
0-2;2.5-3.6;0-100;0-20;todo;extCB;[3.096,3,3.2];[0.05,0.04,0.07];[0.763];[4.963];[2.125];[0.889];ChevPol;[0.5,-2,2];[0,-2,2];[0,-0.2,0.2];
0-2;2.5-3.6;0-100;0-25;todo;extCB;[3.096,3,3.2];[0.05,0.04,0.07];[0.763];[4.963];[2.125];[0.889];ChevPol;[0.5,-2,2];[0,-2,2];[0,-0.2,0.2];
0-2;2.5-3.6;0-100;0-30;todo;extCB;[3.096,3,3.2];[0.05,0.04,0.07];[0.763];[4.963];[2.125];[0.889];ChevPol;[0.5,-2,2];[0,-2,2];[0,-0.2,0.2];
0-2;2.5-3.6;0-100;0-35;todo;extCB;[3.096,3,3.2];[0.05,0.04,0.07];[0.763];[4.963];[2.125];[0.889];ChevPol;[0.5,-2,2];[0,-2,2];[0,-0.2,0.2];
0-2;2.5-3.6;0-100;0-40;todo;extCB;[3.096,3,3.2];[0.05,0.04,0.07];[0.763];[4.963];[2.125];[0.889];ChevPol;[0.5,-2,2];[0,-2,2];[0,-0.2,0.2];
0-2;2.5-3.6;0-100;0-45;todo;extCB;[3.096,3,3.2];[0.05,0.04,0.07];[0.763];[4.963];[2.125];[0.889];ChevPol;[0.5,-2,2];[0,-2,2];[0,-0.2,0.2];
0-2;2.5-3.6;0-100;0-50;todo;extCB;[3.096,3,3.2];[0.05,0.04,0.07];[0.763];[4.963];[2.125];[0.889];ChevPol;[0.5,-2,2];[0,-2,2];[0,-0.2,0.2];
0-2;2.5-3.6;0-100;0-55;todo;extCB;[3.096,3,3.2];[0.05,0.04,0.07];[0.763];[4.963];[2.125];[0.889];ChevPol;[0.5,-2,2];[0,-2,2];[0,-0.2,0.2];
0-2;2.5-3.6;0-100;0-60;todo;extCB;[3.096,3,3.2];[0.05,0.04,0.07];[0.763];[4.963];[2.125];[0.889];ChevPol;[0.5,-2,2];[0,-2,2];[0,-0.2,0.2];
0-2;2.5-3.6;0-100;0-65;todo;extCB;[3.096,3,3.2];[0.05,0.04,0.07];[0.763];[4.963];[2.125];[0.889];ChevPol;[0.5,-2,2];[0,-2,2];[0,-0.2,0.2];
0-2;2.5-3.6;0-100;0-70;todo;extCB;[3.096,3,3.2];[0.05,0.04,0.07];[0.763];[4.963];[2.125];[0.889];ChevPol;[0.5,-2,2];[0,-2,2];[0,-0.2,0.2];
0-2;2.5-3.6;0-100;0-75;todo;extCB;[3.096,3,3.2];[0.05,0.04,0.07];[0.763];[4.963];[2.125];[0.889];ChevPol;[0.5,-2,2];[0,-2,2];[0,-0.2,0.2];